# CII Surface Profile data 
# Radii, normalized flux, flux uncertainty 
-1.7679999999999456 0.03310764242847273 3.065145945949297e-05 
-1.559999999999952 0.028595729157020456 3.663131186815215e-05 
-1.3519999999999583 0.04352086552740905 4.474214641137203e-05 
-1.1439999999999648 0.04820942457422741 5.868145887752097e-05 
-0.9359999999999712 0.08010703460402824 7.798801050958451e-05 
-0.7279999999999777 0.15168345712448109 0.00011316246705511271 
-0.519999999999984 0.29233082392985327 0.00019148507248113646 
-0.3119999999999904 0.5405190627472377 0.00040792424235593214 
-0.1039999999999968 1.0 0.0021899569836714406 
0.1039999999999968 1.0 0.0021899569836714406 
0.3119999999999904 0.5405190627472377 0.00040792424235593214 
0.519999999999984 0.29233082392985327 0.00019148507248113646 
0.7279999999999777 0.15168345712448109 0.00011316246705511271 
0.9359999999999712 0.08010703460402824 7.798801050958451e-05 
1.1439999999999648 0.04820942457422741 5.868145887752097e-05 
1.3519999999999583 0.04352086552740905 4.474214641137203e-05 
1.559999999999952 0.028595729157020456 3.663131186815215e-05 
1.7679999999999456 0.03310764242847273 3.065145945949297e-05 
