#title: Spectral profile - HZ7_Combined.fits-raster
#region (world): Ellipse[[09:59:30.525, +02d08m01.649], [09:59:30.393, +02d08m03.548]]
#region (pixel): Ellipse[[118, 102], [195, 175]]
#coordinate: world
#xLabel: optical velocity [km/s]
#yLabel: [Jy] Flux Density

# HZ7_Combined.fits-raster
-7.121693725586e+02 3.267455256209e-03
-6.972398071289e+02 -2.110549788585e-03
-6.823087768555e+02 -4.954050418601e-04
-6.673762207031e+02 -1.064951589622e-03
-6.524421997070e+02 -1.374430244878e-03
-6.375066528320e+02 2.285374034712e-03
-6.225696411133e+02 9.677681190485e-04
-6.076311035156e+02 -1.985169504996e-03
-5.926911010742e+02 -7.807539476254e-04
-5.777496337891e+02 2.971878043903e-05
-5.628066406250e+02 1.076002291288e-03
-5.478621826172e+02 4.055818273543e-03
-5.329161987305e+02 -1.555341556037e-03
-5.179687500000e+02 -2.099698166442e-03
-5.030197753906e+02 -9.276748144174e-04
-4.880693054199e+02 3.907789415957e-03
-4.731173706055e+02 -1.684597810651e-03
-4.581639404297e+02 3.690478977016e-04
-4.432089843750e+02 1.825492707174e-03
-4.282525634766e+02 -6.175031955286e-04
-4.132946472168e+02 1.263038695245e-03
-3.983352355957e+02 -1.622640806022e-03
-3.833742980957e+02 1.001517462616e-03
-3.684118957520e+02 -1.566990211528e-03
-3.534479980469e+02 -4.896748000508e-04
-3.384826049805e+02 2.724769244868e-03
-3.235157165527e+02 1.409348077957e-03
-3.085473022461e+02 -4.034480942188e-04
-2.935774230957e+02 -2.998421096168e-03
-2.786060485840e+02 -1.605275587988e-03
-2.636331481934e+02 1.252440154436e-03
-2.486587829590e+02 1.197191652895e-03
-2.336829071045e+02 -1.355432693965e-03
-2.187055358887e+02 -2.334942928592e-03
-2.037266540527e+02 -4.499462460608e-04
-1.887462921143e+02 8.895039384856e-04
-1.737644195557e+02 -5.807830669172e-05
-1.587810516357e+02 1.756749474997e-03
-1.437961883545e+02 1.293775023876e-03
-1.288098297119e+02 6.919164986235e-04
-1.138219680786e+02 1.872016041980e-03
-9.883260345459e+01 -1.204404411302e-03
-8.384174346924e+01 5.252119552212e-04
-6.884938812256e+01 -5.078340413976e-04
-5.385552215576e+01 3.150527388488e-03
-3.886016082764e+01 1.031767298114e-03
-2.386330032349e+01 1.868765442918e-03
-8.864937782288e+00 8.086274650320e-04
6.134925842285e+00 1.388736790815e-03
2.113628959656e+01 3.210900936048e-03
3.613915634155e+01 1.483254741548e-03
5.114352416992e+01 3.321796098176e-03
6.614939117432e+01 -5.289425505102e-04
8.115676116943e+01 4.027179909298e-03
9.616563415527e+01 2.844226495415e-03
1.111760101318e+02 6.724172911544e-03
1.261878890991e+02 3.637371474417e-03
1.412012786865e+02 3.151621729818e-03
1.562161560059e+02 -1.743791931247e-04
1.712325439453e+02 7.072841980229e-03
1.862504425049e+02 5.286172164227e-03
2.012698364258e+02 4.361635892134e-03
2.162907409668e+02 5.664653570296e-03
2.313131408691e+02 4.193107804142e-03
2.463370513916e+02 5.490453504038e-03
2.613624572754e+02 3.165944249801e-03
2.763893737793e+02 5.213065395007e-03
2.914178161621e+02 4.776983964840e-03
3.064477233887e+02 5.548013950650e-03
3.214791564941e+02 4.962414977218e-03
3.365121154785e+02 1.551114990475e-03
3.515465393066e+02 4.789088953513e-03
3.665825195312e+02 4.655029041140e-03
3.816199645996e+02 1.158476646135e-03
3.966589355469e+02 2.071661332301e-03
4.116994018555e+02 -1.544833733501e-03
4.267413940430e+02 8.407355946279e-04
4.417848815918e+02 1.320693794038e-03
4.568298645020e+02 3.493747877126e-03
4.718763732910e+02 1.805287089264e-04
4.869243774414e+02 3.474449561161e-03
5.019739074707e+02 4.309216644401e-04
5.170249023438e+02 2.907235045237e-03
5.320774536133e+02 2.386659735553e-03
5.471315307617e+02 9.221576890257e-04
5.621870727539e+02 1.019947577284e-03
5.772441406250e+02 2.511306405139e-03
5.923027343750e+02 -2.199044630072e-04
6.073627929688e+02 1.207354245312e-03
6.224243774414e+02 1.424735256155e-03
6.374874877930e+02 -6.639865952202e-04
6.525521240234e+02 -1.005614447674e-03
6.676182250977e+02 -2.707032391856e-04
6.826858520508e+02 8.260166441340e-04
6.977550048828e+02 6.134639077696e-04
7.128256835938e+02 1.916412355133e-04
7.278978881836e+02 -2.731329146119e-05
7.429715576172e+02 -2.993434571349e-03
7.580467529297e+02 -7.880175487966e-04
7.731234741211e+02 1.387348240944e-03
7.882016601562e+02 -2.177917107077e-03
8.032814331055e+02 4.789404798541e-04
8.183626708984e+02 9.622784713993e-04
8.334454345703e+02 -1.047796060739e-04
8.485296630859e+02 1.996303176332e-03
8.636154785156e+02 -1.728588543979e-03
8.787027587891e+02 4.240466796107e-03
8.937916259766e+02 -5.747566496139e-04
9.088819580078e+02 -7.141963582710e-04
9.239737548828e+02 -3.151849181153e-03
9.390671386719e+02 6.026437091965e-03
9.541619873047e+02 -3.262433922276e-03
9.692584228516e+02 -6.076596593397e-05
9.843563232422e+02 3.496520685332e-03
9.994557495117e+02 -2.607404594289e-03
1.014556701660e+03 3.351421515385e-03
1.029659179688e+03 -2.238310443381e-03
1.044763061523e+03 6.473095128432e-04
1.059868652344e+03 1.765973175005e-03
1.074975585938e+03 -1.048133184626e-03
1.090084106445e+03 3.439458175946e-04
1.105194213867e+03 -3.846579972818e-03
1.120305786133e+03 -2.518124938406e-03
