#title: Spectral profile - HZ7_COMB_CUBE_15_JvM_cut_centered.fits-raster
#region (world): Ellipse[[09:59:30.5, +02d08m02.242], [09:59:30.428, +02d08m02.93]]
#region (pixel): Ellipse[[133, 125], [174, 151]]
#coordinate: world
#xLabel: optical velocity [km/s]
#yLabel: [Jy] Flux Density

# HZ7_COMB_CUBE_15_JvM_cut_centered.fits-raster
-9.577194824219e+02 6.695163567973e-04
-9.428021850586e+02 -1.558059080933e-04
-9.278833618164e+02 -1.396678603469e-04
-9.129630737305e+02 2.009961104494e-05
-8.980413208008e+02 -2.773646247998e-04
-8.831180419922e+02 -2.528481007509e-04
-8.681932983398e+02 4.067885174846e-04
-8.532670288086e+02 -8.763029097500e-05
-8.383392944336e+02 -2.025212592712e-04
-8.234100952148e+02 -1.042258416447e-04
-8.084793701172e+02 -7.043093311785e-06
-7.935471801758e+02 4.381661623218e-04
-7.786134643555e+02 1.380365258454e-04
-7.636782836914e+02 -3.923974521572e-04
-7.487415771484e+02 -2.791872455166e-04
-7.338034057617e+02 1.094326548102e-03
-7.188637084961e+02 3.149423450810e-04
-7.039225463867e+02 1.689282586941e-04
-6.889799194336e+02 3.413616879000e-04
-6.740357666016e+02 -1.357407038312e-04
-6.590901489258e+02 3.505012261454e-04
-6.441430053711e+02 1.774465525986e-04
-6.291943359375e+02 -8.556840975209e-05
-6.142442626953e+02 -4.762671220020e-04
-5.992926025391e+02 -1.696716478590e-04
-5.843394775391e+02 -2.387816572356e-04
-5.693848876953e+02 1.585743651607e-04
-5.544287719727e+02 7.563075782467e-05
-5.394711914062e+02 -3.062919821785e-04
-5.245120849609e+02 -1.788590635376e-04
-5.095515136719e+02 -1.563091054296e-04
-4.945894165039e+02 3.002813228540e-05
-4.796258544922e+02 -9.936836088801e-05
-4.646607666016e+02 -5.668200076631e-05
-4.496941833496e+02 -2.178048594930e-04
-4.347261352539e+02 4.923008020104e-04
-4.197565612793e+02 2.930410047482e-04
-4.047854919434e+02 1.554794981419e-04
-3.898129272461e+02 4.531617677875e-04
-3.748388671875e+02 -1.168834399069e-04
-3.598633117676e+02 2.495656728073e-04
-3.448862609863e+02 1.887284010883e-04
-3.299077148438e+02 3.107594697259e-04
-3.149276733398e+02 -6.065815230232e-05
-2.999461059570e+02 6.671070773364e-04
-2.849630432129e+02 2.292937000226e-04
-2.699785156250e+02 -1.056719435279e-05
-2.549924621582e+02 -1.078642955991e-04
-2.400049133301e+02 2.859274880796e-04
-2.250158691406e+02 1.237022749230e-05
-2.100253143311e+02 2.365122847838e-04
-1.950332641602e+02 4.362236170540e-04
-1.800397186279e+02 -5.667363674413e-04
-1.650446624756e+02 1.377126937950e-04
-1.500481109619e+02 4.601786355200e-04
-1.350500640869e+02 1.970305894022e-03
-1.200505065918e+02 1.119032436116e-03
-1.050494537354e+02 8.994539807291e-04
-9.004689788818e+01 3.486607836389e-04
-7.504283905029e+01 2.428099747592e-03
-6.003727722168e+01 1.802429880876e-03
-4.503021240234e+01 1.278167189273e-03
-3.002164459229e+01 1.300409021155e-03
-1.501157379150e+01 1.380806392451e-03
-9.319421900855e-10 2.225479470100e-03
1.501307678223e+01 1.459041307132e-03
3.002765846252e+01 1.710967383589e-03
4.504374313354e+01 1.509432625939e-03
6.006133270264e+01 2.021584606823e-03
7.508042907715e+01 1.441914150061e-03
9.010102081299e+01 8.682499344281e-04
1.051231231689e+02 5.876407306359e-04
1.201467361450e+02 1.197938975966e-03
1.351718444824e+02 9.055597765218e-05
1.501984710693e+02 3.869103675079e-04
1.652265930176e+02 -1.388093448051e-04
1.802562255859e+02 6.105604461754e-04
1.952873535156e+02 2.484997479929e-04
2.103200073242e+02 3.205726895008e-04
2.253541564941e+02 3.770482123172e-04
2.403898162842e+02 3.967308590499e-04
2.554269714355e+02 -3.088295606433e-04
2.704656372070e+02 3.463595077995e-04
2.855058288574e+02 7.920200008834e-05
3.005475158691e+02 -1.529196126376e-04
3.155906982422e+02 -8.276865279414e-05
3.306354064941e+02 6.549907786814e-05
3.456816101074e+02 2.104077290099e-04
3.607293395996e+02 6.162817323863e-05
3.757785644531e+02 4.824680021087e-04
3.908293151855e+02 -2.526015163238e-04
4.058815612793e+02 1.009821101558e-05
4.209353027344e+02 -3.753866731606e-04
4.359905700684e+02 6.040751475914e-05
4.510473632812e+02 -2.438674982984e-04
4.661056518555e+02 2.547885002514e-04
4.811654357910e+02 2.619513993706e-04
4.962267456055e+02 -9.446657152641e-05
5.112895812988e+02 -1.255513489275e-04
5.263538818359e+02 -2.656626231492e-04
5.414197387695e+02 -3.132501095308e-04
5.564871215820e+02 3.682393010521e-04
5.715559692383e+02 -4.132051962181e-05
5.866263427734e+02 -2.324201724058e-04
6.016982421875e+02 1.396341241164e-04
6.167716674805e+02 -1.669983943151e-04
6.318465576172e+02 1.390194362868e-03
6.469229736328e+02 -1.632644313634e-04
6.620009155273e+02 2.208764956004e-04
6.770803833008e+02 1.887403071167e-04
6.921613769531e+02 1.054386188997e-03
7.072438354492e+02 -6.804381336107e-04
7.223278198242e+02 -2.177163018878e-04
7.374133300781e+02 9.796429145725e-04
7.525003662109e+02 -5.223155865801e-04
7.675889282227e+02 -8.774494051467e-05
7.826789550781e+02 -8.140437691624e-05
7.977705688477e+02 -1.746332728363e-05
8.128636474609e+02 2.005077695715e-04
8.279582519531e+02 -4.764450418751e-04
8.430543212891e+02 9.847148230490e-05
8.581519775391e+02 -3.973516414547e-04
8.732511596680e+02 -9.293146127789e-05
